[gd_scene load_steps=7 format=3 uid="uid://b76cwpgvw5b0s"]

[ext_resource type="PackedScene" uid="uid://c1jjhatf1hdpn" path="res://ui/MainUI.tscn" id="2_ljo2c"]
[ext_resource type="PackedScene" uid="uid://bvd7717buch1o" path="res://models/Pavilion01.tscn" id="3_3hdl4"]
[ext_resource type="PackedScene" uid="uid://c64oxbejarbpj" path="res://models/Wall01.tscn" id="3_tjp5w"]
[ext_resource type="PackedScene" path="res://ui/ContextMenu.tscn" id="4_13hgr"]
[ext_resource type="PackedScene" uid="uid://bgtgw0kthulwj" path="res://effect/Dust01.tscn" id="5_0n56o"]
[ext_resource type="PackedScene" uid="uid://bccj1sc0y4dd1" path="res://effect/Dust02.tscn" id="6_15t6s"]

[node name="MainScene" type="FPyObject"]
python_module = "game.mainloop"
python_class = "MainLoop"

[node name="CameraMgr" type="FPyObject" parent="."]
python_module = "game.camera_mgr"
python_class = "CameraMgr"

[node name="MainCamera" type="Camera3D" parent="CameraMgr"]
transform = Transform3D(0.707107, -0.5, 0.5, 0, 0.707107, 0.707107, -0.707107, -0.5, 0.5, 15, 20, 15)
current = true
fov = 28.0
near = 5.0
far = 100.0

[node name="InputMgr" type="FPyObject" parent="."]
python_module = "game.input_mgr"
python_class = "InputMgr"

[node name="GroundMgr" type="FPyObject" parent="."]
python_module = "game.ground_mgr"
python_class = "GroundMgr"

[node name="RaycastMgr" type="FPyObject" parent="."]
python_module = "game.raycast_mgr"
python_class = "RaycastMgr"

[node name="UIMgr" type="FPyObject" parent="."]
python_module = "game.ui_mgr"
python_class = "UIMgr"

[node name="ContextMenu" parent="UIMgr" instance=ExtResource("4_13hgr")]
visible = false
position = Vector2(261, 214)

[node name="MainUI" parent="UIMgr" instance=ExtResource("2_ljo2c")]

[node name="DirectionalLight3D" type="DirectionalLight3D" parent="."]
transform = Transform3D(0.906308, -0.365998, 0.211309, 0, 0.5, 0.866025, -0.422618, -0.784885, 0.453154, 0, 20, 0)
shadow_enabled = true
shadow_opacity = 0.5

[node name="Wall01" parent="." instance=ExtResource("3_tjp5w")]
transform = Transform3D(0.481172, 0, 0.876626, 0, 1, 0, -0.876626, 0, 0.481172, -23.8412, 0, 13.3439)

[node name="Wall02" parent="." instance=ExtResource("3_tjp5w")]
transform = Transform3D(1, 0, 0, 0, 1, 0, 0, 0, 1, -11.4525, 0, -6.79465)

[node name="Pavilion01" parent="." instance=ExtResource("3_3hdl4")]
transform = Transform3D(1, 0, 0, 0, 1, 0, 0, 0, 1, 10, 0, 0)

[node name="Pavilion02" parent="." instance=ExtResource("3_3hdl4")]
transform = Transform3D(0.730794, 0, 0.682598, 0, 1, 0, -0.682598, 0, 0.730794, -28.6084, 0, 36.1177)

[node name="Dust01" parent="." instance=ExtResource("5_0n56o")]
transform = Transform3D(1, 0, 0, 0, 1, 0, 0, 0, 1, -11.9271, 4.25017, -7.08244)

[node name="Dust02" parent="." instance=ExtResource("6_15t6s")]
transform = Transform3D(1, 0, 0, 0, 1, 0, 0, 0, 1, -16.849, 0, -5.76152)
