[gd_scene load_steps=4 format=3 uid="uid://cipun2g0qp50n"]

[ext_resource type="PackedScene" path="res://models/City01.tscn" id="1_8bby1"]
[ext_resource type="PackedScene" uid="uid://7drk8uiknmut" path="res://models/Troop01.tscn" id="2_82hma"]
[ext_resource type="PackedScene" uid="uid://bok6l8i3vigk5" path="res://models/Wall01.tscn" id="3_tjp5w"]

[node name="MainScene" type="FPyObject"]
python_module = "game.mainloop"
python_class = "MainLoop"

[node name="CameraMgr" type="FPyObject" parent="."]
python_module = "game.camera_mgr"
python_class = "CameraMgr"

[node name="MainCamera" type="Camera3D" parent="CameraMgr"]
transform = Transform3D(0.707107, -0.5, 0.5, 0, 0.707107, 0.707107, -0.707107, -0.5, 0.5, 15, 20, 15)
fov = 28.0
near = 5.0
far = 100.0

[node name="InputMgr" type="FPyObject" parent="."]
python_module = "game.input_mgr"
python_class = "InputMgr"

[node name="GroundMgr" type="FPyObject" parent="."]
python_module = "game.ground_mgr"
python_class = "GroundMgr"

[node name="DirectionalLight3D" type="DirectionalLight3D" parent="."]
transform = Transform3D(0.906308, -0.365998, 0.211309, 0, 0.5, 0.866025, -0.422618, -0.784885, 0.453154, 0, 20, 0)
shadow_enabled = true
shadow_opacity = 0.5

[node name="City01" parent="." instance=ExtResource("1_8bby1")]
transform = Transform3D(1, 0, 0, 0, 1, 0, 0, 0, 1, -0.236233, 0, 0)

[node name="MainUI" type="Node2D" parent="."]

[node name="Button" type="Button" parent="MainUI"]
offset_left = 3.0
offset_top = 3.0
offset_right = 103.0
offset_bottom = 43.0
text = "Hello"

[node name="Troop" parent="." instance=ExtResource("2_82hma")]
transform = Transform3D(1, 0, 0, 0, 1, 0, 0, 0, 1, 8.17615, 0, 6.72731)

[node name="Wall01" parent="." instance=ExtResource("3_tjp5w")]
transform = Transform3D(0.481172, 0, 0.876626, 0, 1, 0, -0.876626, 0, 0.481172, -23.8412, 0, 13.3439)

[node name="Wall02" parent="." instance=ExtResource("3_tjp5w")]
transform = Transform3D(1, 0, 0, 0, 1, 0, 0, 0, 1, -11.4525, 0, -6.79465)
